

X1 <- .5
X2 <- .5
X3 <- .5

p1 <- 200
p2 <- 200
p3 <- 200

q11 <- .07
q12 <- .04
q13 <- .04
q21 <- .04
q22 <- .05
q23 <- .04
q31 <- .03
q32 <- .04
q33 <- .05

c1 <- 1
c2 <- 1
c3 <- 1

Q1 <- 10
Q2 <- 10
  
  
#  p1*q11*E1*X1 + p2*q21*E1*X2 + p3*q31*E1*X3 + p1*q12*E2*X1 + p2*q22*E2*X2 + p3*q32*E2*X3 + p1*q13*E3*X1 + p2*q23*E3*X2 + p3*q33*E3*X3 - c1*(E1^2) - c2*(E2^2) - c3*(E3^2) = F

#  q11*E1*X1 + q21*E1*X2 +  q12*E2*X1 + q22*E2*X2 + q13*E3*X1 + q23*E3*X2 = Q1

#  q31*E1*X3 + q32*E2*X3 + q33*E3*X3 = Q2

  
# E1 = ( (p1*q11*X1 + p2*q21*X2 + p3*q31*X3) - (l1*(q11*X1 + q21*X2)) - (l2*(q31*X3)) ) / (2*c1)

# E2 = (p1*q12*X1 + p2*q22*X2 + p3*q32*X3) - (l1*(q12*X1 + q22*X2)) - (l2*(q32*X3)) ) / (2*c2)

# E3 = (p1*q13*X1 + p2*q23*X2 + p3*q33*X3) - (l1*(q13*X1 + q23*X2)) - (l2*(q33*X3)) ) / (2*c3)

# l1 = q11*E1*X1 + q21*E1*X2 +  q12*E2*X1 + q22*E2*X2 + q13*E3*X1 + q23*E3*X2

# l2 = q31*E1*X3 + q32*E2*X3 + q33*E3*X3

p1q11X1_p2q21X2_p3q31X3 <- p1*q11*X1 + p2*q21*X2 + p3*q31*X3

q11X1_q21X2 <- q11*X1 + q21*X2

q31X3 <- q31*X3

t2c1 <- 2*c1


p1q12X1_p2q22X2_p3q32X3 <- p1*q12*X1 + p2*q22*X2 + p3*q32*X3

q12X1_q22X2 <- q12*X1 + q22*X2

q32X3 <- q32*X3

t2c2 <- 2*c2


p1q13X1_p2q23X2_p3q33X3 <- p1*q13*X1 + p2*q23*X2 + p3*q33*X3

q13X1_q23X2 <- q13*X1 + q23*X2

q33X3 <- q33*X3

t2c3 <- 2*c3
  
#---

q11X1 <- q11*X1
q21X2 <- q21*X2
q12X1 <- q12*X1
q22X2 <- q22*X2
q13X1 <- q13*X1
q23X2 <- q23*X2

q31X3 <- q31*X3
q32X3 <- q32*X3
q33X3 <- q33*X3



# E1 = ( (14) - (l1*(.055)) - (l2*(.015)) ) / (2)

# E2 = (13) - (l1*(.045)) - (l2*(.02)) ) / (2)

# E3 = (13) - (l1*(.04)) - (l2*(.025)) ) / (2)

# l1 = .035*E1 + .02*E1 +  .02*E2 + .025*E2 + .02*E3 + .02*E3

# l2 = .015*E1 + .02*E2 + 0.025*E3


# 2*E_1 + (l_1*(.055)) + (l_2*(.015)) = -14

# 2*E_2 + (l_1*(.045)) + (l_2*(.02)) ) = -13

# 2*E_3 + (l_1*(.04)) + (l_2*(.025)) ) = -13

# 0 = -l_1 + .055*E_1 + .045*E_2 + .04*E_3

# 0 = -l_2 + .015*E_1 + .02*E_2 + .025*E_3

# plugged into online equation solver...

#E1 = -6.971
#E2 = -6.475
#E3 = -6.476
#L1 = -0.934
#L2 = -0.396


